187356
176457
173914
105007
95253
82203
59864
47792
46462
46201
45964
42715
42670
42643
40790
40595
38623
38605
38591
38590
38581
38535
38511
37786
37308
36707
34924
34417
34340
34320
31821
30985
30862
28010
27946
27267
27091
26562
26148
25306
24333
24144
24046
23827
23715
23348
23180
22897
22812
22457
22148
22111
21969
21533
21352
21238
20910
20576
20386
20094
20040
19954
19477
19344
19110
18967
18750
18733
18503
18419
18340
18325
18006
17951
17857
17820
17379
17163
16991
16967
16702
16673
16655
16620
16477
16227
16078
15965
15960
15935
15802
15802
15402
15017
14923
14891
14871
14788
14744
14727
